f fi fj  colf    Pos.x       Pos.y    PosLength  DeltaVec.x  DeltaVec.y  DeltaVecLength
0  3  -3   0  3.85324478 14.37353516 14.88106155 -0.13138515 -0.50155377 0.51847684  1.00175178  0.86750668  -0.50093782  0.99889201  0.99889183  0.00061596  0.25877091
0  4  -2   0  5.96280956 9.85965443 11.52249432 -0.14832377 -0.51586175 0.53676188  1.00064242  0.85301936  -0.52310920  1.00136936  1.00134313  -0.00724746  0.00618252
0  4  -2   0  6.18916416 9.06316471 10.97482109 -0.15514708 -0.50170428 0.52514547  0.99349719  0.84696150  -0.51931959  1.00226343  1.00210857  -0.01761530  -0.04909500
0  4  -2   1  6.20242023 8.80229378 10.76802635 -0.15030289 -0.51813227 0.53949237  1.00541997  0.85221910  -0.53347164  1.00263929  1.00252199  -0.01533938  -0.05450080
0  4  -2   1  6.21836376 8.53931618 10.56352043 -0.14646405 -0.50922889 0.52987337  0.99954158  0.85084093  -0.52455032  0.99742264  0.99730498  -0.01532142  -0.07685974
0  4  -2   1  6.23522854 8.28127670 10.36617661 -0.14435869 -0.49958682 0.52002543  1.00366104  0.85642272  -0.52333117  1.00106299  1.00078142  -0.02374435  -0.09670597
0  4  -2   1  6.25273132 8.02054310 10.16984558 -0.14467818 -0.51904905 0.53883553  1.00081682  0.85162491  -0.52570838  0.99632531  0.99630308  -0.00665935  -0.10891120
0  4  -2   1  6.26650906 7.75707674 9.97202969 -0.15932888 -0.51341611 0.53757030  1.00041270  0.85028130  -0.52711213  1.00970316  1.00961018  -0.01369602  -0.12424099
0  4  -2   1  6.27934265 7.49676800 9.77914524 -0.15131938 -0.50429767 0.52651089  1.00422072  0.85791802  -0.52195400  1.00939190  1.00923741  -0.01765635  -0.15011507
0  7  -2   1  6.29551125 7.23915291 9.59368515 -0.14601099 -0.50353795 0.52428013  0.99975699  0.84953690  -0.52706832  0.99582595  0.99554789  -0.02353038  -0.15980443
0  4  -0.14999036  -0.51015955   -0.01860522   -0.00860578
0  7  -2   1  6.31247330 6.97703934 9.40884686 -0.14501619 -0.52066475 0.54048264  1.00457990  0.85016173  -0.53516895  0.99528360  0.99517792  -0.01450422  -0.17274007
0  7  -2   1  6.32947922 6.71623802 9.22876835 -0.14796054 -0.49966362 0.52111042  1.00434625  0.85766983  -0.52260286  1.00589192  1.00563037  -0.02293923  -0.20700216
0  7  -2   1  6.34280014 6.45704651 9.05121899 -0.16099656 -0.51458836 0.53918552  0.99505526  0.84305310  -0.52857959  1.00414717  1.00404966  -0.01399123  -0.21476291
0  7  -2   1  6.35316086 6.19425440 8.87307358 -0.15979648 -0.51382929 0.53810352  1.00006557  0.84915566  -0.52826679  1.00905550  1.00895214  -0.01443752  -0.23920286
0  7  -2   1  6.36709404 5.93144703 8.70183659 -0.14896828 -0.51555848 0.53664893  1.00247717  0.85004741  -0.53139430  0.99914116  0.99901569  -0.01583583  -0.25911874
0  7  -2   1  6.38103104 5.67216682 8.53762436 -0.15921819 -0.50071847 0.52542305  0.99344587  0.84329677  -0.52515262  1.00281262  1.00251496  -0.02443417  -0.28324026
0  7  -2   1  6.39194345 5.41379786 8.37652397 -0.16006041 -0.51012093 0.53464258  0.99612904  0.84315073  -0.53044313  1.00341690  1.00321114  -0.02032219  -0.30172938
0  7  -2   1  6.40387297 5.15311146 8.21974182 -0.15729117 -0.51093096 0.53459418  0.99645913  0.84634542  -0.52595639  1.00374913  1.00363660  -0.01502546  -0.33081391
0  7  -2   1  6.41564369 4.89216328 8.06806946 -0.16209614 -0.51406813 0.53901875  0.99546009  0.84061408  -0.53320611  1.00289285  1.00271022  -0.01913796  -0.34670603
0  7  -2   1  6.42823887 4.62939167 7.92171192 -0.15493304 -0.51668870 0.53941768  0.99898154  0.84203625  -0.53753060  0.99718714  0.99696928  -0.02084191  -0.36953527
0  7  -2   1  6.40732908 4.24092150 7.68370247 -0.15251940 -0.50457460 0.52712208  1.00120521  0.84745634  -0.53313184  1.00038338  0.99997574  -0.02855726  -0.41192988
0  7  -2   1  6.38579702 3.85833979 7.46091080 -0.15259916 -0.50132561 0.52403611  0.99965727  0.84971863  -0.52658612  1.00263608  1.00231779  -0.02526053  -0.45511153
0  7  -0.15442051  -0.50971305   -0.02303536   -0.00815928

-0.13138515   -0.50155377
-0.15273282   -0.50988317
-0.02134767  -0.00832939
